208766
432
68448
173346
147474
526
302260
155987
200680
6249
29934
234834
8229
43152
180680
2397
212027
191925
3955
6974
32484
105265
54137
2425
15722
317985
337306
296420
212436
316581
332317
29073
249095
309000
310888
40214
296167
85005
11733
192343
240835
161226
144553
284229
181390
171499
41
288648
269789
822
4390
337503
310873
84876
18602
175117
267378
2083
171
13928
6912
87288
184730
214880
216132
314503
5782
125028
158899
308357
147151
2719
22847
276042
131357
302238
284083
2398
245476
189201
189203
329640
116975
15512
194594
218121
252544
259708
182116
247160
17691
344017
215311
264055
232219
185344
156576
66171
172933
97207
138788
12995
10
68425
163640
88594
444
151467
23228
71074
299556
290506
305980
236639
121297
143484
258
172
227605
65244
163920
140613
188
184346
11929
154086
334824
66587
189489
146886
220276
121011
10527
181440
37628
286062
98778
7475
319793
155969
223750
106217
6887
24778
127304
286081
4112
2655
281417
26566
101723
154753
31594
63888
341358
84864
88113
270109
54043
297129
142615
62809
18946
73761
94891
394
2448
280107
122515
25674
329641
206327
107529
204583
26468
11865
140535
224381
112138
256940
266083
200785
169147
140620
125618
3406
41149
36985
156566
50
311918
312484
129622
118247
245643
152359
95527
281429
252997
283948
29223
287002
99875
320505
167270
23908
72667
112598
21763
55131
300305
131616
3319
255692
13308
293014
40213
3886
6688
154809
12942
102148
194879
182274
7803
210008
1116
325413
160477
287084
127095
2389
204504
129050
20528
129948
30549
73365
75358
163412
321928
148205
45
117663
10789
69779
27172
180974
3076
1419
286295
143519
681
300700
255027
624
28143
568
251678
245654
256589
161417
185769
262712
319680
132531
280041
127024
226254
144733
9220
9217
251060
194655
169649
172235
6748
108745
162660
22501
2399
247143
259310
20782
177678
6819
92415
236248
67185
332944
274037
3347
19451
131199
592
148228
137269
245222
143176
193122
34635
194517
98426
133473
6121
150599
70919
24508
118048
2780
4505
146278
121015
229853
120677
17240
141019
182028
25613
21790
215
214910
148759
42215
258723
123540
105037
288513
303672
300442
118497
73439
1403
126239
126163
66643
61487
119316
211533
151224
255029
300936
128621
183394
330973
171623
281075
233867
25821
175
75668
1465
132817
2393
2243
5236
269146
196340
248430
308532
341233
230802
285892
313963
162082
340377
177736
128271
93
138091
288920
70323
334644
266524
268620
288254
102104 
284584
2386
279769
40004
260316
8920
217547
324856
139030
337784
1295
329591
17133
191862
240567
308500
262477
213953
347086
331666
350764
222643
291859
182704
286096
220308
291847
250725
337178
101420
318702
364
115
300226
346703
174337
170216
232832
209685
333553
296044
275044
281259
306300
328479
317299
356907
353305
257836
305723
357311
15889
302280
242302
84419
63268
263214
329845
305841
347702
88900
27588
339107
318556
300369
300367
108018
121073
352818
236905
341510
344268
356579
14634
343687
14186
183150
358236
356303
346747
256839
128072
246567
180938
241245
325121
